1	120001	130001
1	140001	150001
1	270001	280001
1	350001	360001
1	510001	520001
1	640001	650001
1	650001	660001
1	1220001	1230001
1	2190001	2200001
1	4800001	4810001
1	5310001	5320001
1	6870001	6880001
1	7290001	7300001
1	7560001	7570001
1	7860001	7870001
1	7870001	7880001
1	8090001	8100001
1	8200001	8210001
1	9190001	9200001
1	9200001	9210001
1	10480001	10490001
1	12950001	12960001
1	12960001	12970001
1	13080001	13090001
1	13150001	13160001
1	13360001	13370001
1	13370001	13380001
1	14480001	14490001
1	14650001	14660001
1	15070001	15080001
1	15570001	15580001
1	16190001	16200001
1	16340001	16350001
1	16350001	16360001
1	17610001	17620001
1	17850001	17860001
1	18120001	18130001
1	18130001	18140001
1	19990001	20000001
1	20720001	20730001
1	21880001	21890001
1	24010001	24020001
1	24790001	24800001
1	24820001	24830001
1	24940001	24950001
1	25810001	25820001
1	25820001	25830001
1	26910001	26920001
1	27500001	27510001
1	27630001	27640001
1	28060001	28070001
1	28490001	28500001
1	28680001	28690001
1	28790001	28800001
1	29470001	29480001
1	29860001	29870001
1	30090001	30100001
1	30240001	30250001
1	30660001	30670001
1	32100001	32110001
1	33380001	33390001
1	33400001	33410001
1	33410001	33420001
1	34390001	34400001
1	34640001	34650001
1	35590001	35600001
1	37110001	37120001
1	37200001	37210001
1	37210001	37220001
1	37220001	37230001
1	38670001	38680001
1	39660001	39670001
1	39850001	39860001
1	40200001	40210001
1	40410001	40420001
1	41100001	41110001
1	41470001	41480001
1	41850001	41860001
1	41870001	41880001
1	42390001	42400001
1	43420001	43430001
1	43510001	43520001
1	44990001	45000001
1	46580001	46590001
1	46930001	46940001
1	47140001	47150001
1	48280001	48290001
1	49120001	49130001
1	49450001	49460001
1	49820001	49830001
1	50220001	50230001
1	50250001	50260001
1	50320001	50330001
1	50330001	50340001
1	50730001	50740001
1	52160001	52170001
1	52790001	52800001
1	52860001	52870001
1	56860001	56870001
1	57310001	57320001
1	58210001	58220001
1	59940001	59950001
1	63560001	63570001
1	63680001	63690001
1	64290001	64300001
1	64310001	64320001
1	66550001	66560001
1	67160001	67170001
1	68400001	68410001
1	69720001	69730001
1	69780001	69790001
1	70360001	70370001
1	79010001	79020001
1	80050001	80060001
1	80820001	80830001
1	82680001	82690001
1	82810001	82820001
1	83290001	83300001
1	85070001	85080001
1	86010001	86020001
1	87030001	87040001
1	87790001	87800001
1	89070001	89080001
1	89690001	89700001
1	92190001	92200001
1	93990001	94000001
1	95570001	95580001
1	98360001	98370001
1	101520001	101530001
1	101660001	101670001
1	106020001	106030001
1	106280001	106290001
1	106380001	106390001
1	107690001	107700001
1	107730001	107740001
1	110970001	110980001
1	111070001	111080001
1	111700001	111710001
1	111860001	111870001
1	114930001	114940001
1	115180001	115190001
1	116420001	116430001
1	117200001	117210001
1	117760001	117770001
1	117910001	117920001
1	118820001	118830001
1	119330001	119340001
1	119410001	119420001
1	120160001	120170001
1	120870001	120880001
1	121450001	121460001
1	121470001	121480001
1	122100001	122110001
1	122120001	122130001
1	122190001	122200001
1	122220001	122230001
1	122290001	122300001
1	122380001	122390001
1	122400001	122410001
1	123760001	123770001
1	124160001	124170001
1	124680001	124690001
1	124690001	124700001
1	125200001	125210001
1	128220001	128230001
1	131380001	131390001
1	132840001	132850001
1	134570000	134580000
1	139920001	139930001
1	140960001	140970001
1	141090001	141100001
1	141200001	141210001
1	141270001	141280001
1	141290001	141300001
1	141360001	141370001
1	141720001	141730001
1	141850001	141860001
1	143020001	143030001
1	144940001	144950001
1	147680001	147690001
1	147980001	147990001
1	148070001	148080001
1	149180001	149190001
1	149420001	149430001
1	149430001	149440001
1	150120001	150130001
1	150130001	150140001
1	151080001	151090001
1	151290001	151300001
1	151360001	151370001
1	152140001	152150001
1	153250001	153260001
1	157490001	157500001
1	158500001	158510001
1	158650001	158660001
1	158780001	158790001
1	158860001	158870001
1	160690001	160700001
1	160730001	160740001
1	162400001	162410001
1	162410001	162420001
1	163370001	163380001
1	163400001	163410001
1	163490001	163500001
1	164510001	164520001
1	165030001	165040001
1	165420001	165430001
1	165450001	165460001
1	166420001	166430001
1	167020001	167030001
1	167440001	167450001
1	169010001	169020001
1	170210001	170220001
1	170330001	170340001
1	170360001	170370001
1	170980001	170990001
1	171080001	171090001
1	171200001	171210001
1	171580001	171590001
1	172300001	172310001
1	173320001	173330001
1	174820001	174830001
1	177220001	177230001
1	177690001	177700001
1	178400001	178410001
1	178630001	178640001
1	179000001	179010001
1	180040001	180050001
1	180540001	180550001
1	185530001	185540001
1	187620001	187630001
1	193910001	193920001
1	195220001	195230001
1	195940001	195950001
1	196580001	196590001
1	196900001	196910001
1	200930001	200940001
1	202020001	202030001
1	202070001	202080001
1	203160001	203170001
1	203240001	203250001
1	203320001	203330001
1	203340001	203350001
1	203600001	203610001
1	203960001	203970001
1	205120001	205130001
1	205780001	205790001
1	205790001	205800001
1	205890001	205900001
1	205900001	205910001
1	205920001	205930001
1	206460001	206470001
1	208310001	208320001
1	208360001	208370001
1	209710001	209720001
1	209840001	209850001
1	209850001	209860001
1	209870001	209880001
1	211040001	211050001
1	211300001	211310001
1	212960001	212970001
1	214160001	214170001
1	214730001	214740001
1	215590001	215600001
1	215700001	215710001
1	216720001	216730001
1	216730001	216740001
1	217470001	217480001
1	217840001	217850001
1	219820001	219830001
1	220050001	220060001
1	220810001	220820001
1	220880001	220890001
1	220940001	220950001
1	221140001	221150001
1	221290001	221300001
1	221430001	221440001
1	221530001	221540001
1	221620001	221630001
1	221990001	222000001
1	222200001	222210001
1	222210001	222220001
1	222220001	222230001
1	222770001	222780001
1	222840001	222850001
1	222990001	223000001
1	223000001	223010001
1	223090001	223100001
1	223210001	223220001
1	223880001	223890001
1	223960001	223970001
1	224240001	224250001
1	225410001	225420001
1	225420001	225430001
1	225540001	225550001
1	225640001	225650001
1	225650001	225660001
1	225720001	225730001
1	225730001	225740001
1	225940001	225950001
1	226180001	226190001
1	226370001	226380001
1	226460001	226470001
1	226510001	226520001
1	226610001	226620001
1	226710001	226720001
1	226950001	226960001
1	228210001	228220001
1	229240001	229250001
1	229530001	229540001
1	229540001	229550001
1	229550001	229560001
1	229750001	229760001
1	229760001	229770001
1	229910001	229920001
1	229950001	229960001
1	229960001	229970001
1	229970001	229980001
1	229980001	229990001
1	230330001	230340001
1	230360001	230370001
1	230400001	230410001
1	230600001	230610001
1	230930001	230940001
1	231440001	231450001
1	233050001	233060001
1	233060001	233070001
1	233070001	233080001
1	233780001	233790001
1	234230001	234240001
1	234250001	234260001
1	234260001	234270001
1	234340001	234350001
1	234370001	234380001
1	235050001	235060001
1	235060001	235070001
1	235120001	235130001
1	235220001	235230001
1	235530001	235540001
1	235620001	235630001
1	235630001	235640001
1	235640001	235650001
1	235920001	235930001
1	235990001	236000001
1	236110001	236120001
1	236290001	236300001
1	236300001	236310001
1	237990001	238000001
1	238320001	238330001
1	238470001	238480001
1	239280001	239290001
1	239430001	239440001
1	239570001	239580001
1	239580001	239590001
1	239590001	239600001
1	239900001	239910001
1	239990001	240000001
1	240550001	240560001
1	241240001	241250001
1	242320001	242330001
1	242450001	242460001
1	242460001	242470001
1	242950001	242960001
1	243250001	243260001
1	243780001	243790001
1	243830001	243840001
1	244680001	244690001
1	245920001	245930001
1	246880001	246890001
1	247190001	247200001
1	250350001	250360001
1	252020001	252030001
1	252380001	252390001
1	254010001	254020001
1	254360001	254370001
1	255370001	255380001
1	255790001	255800001
1	256360001	256370001
1	256420001	256430001
1	256750001	256760001
1	260600001	260610001
1	260950001	260960001
1	262790001	262800001
1	262880001	262890001
1	263010001	263020001
1	263210001	263220001
1	263570001	263580001
1	263670001	263680001
1	263720001	263730001
1	266850001	266860001
1	266880001	266890001
1	268940001	268950001
1	270590001	270600001
1	273100001	273110001
1	274480001	274490001
1	276230001	276240001
1	277040001	277050001
1	277060001	277070001
1	277490001	277500001
1	277990001	278000001
1	279130001	279140001
1	279490001	279500001
1	281520001	281530001
1	281670001	281680001
1	281970001	281980001
1	282240001	282250001
1	282610001	282620001
1	282660001	282670001
1	283260001	283270001
1	283530001	283540001
1	283570001	283580001
1	285070001	285080001
1	285120001	285130001
1	285290001	285300001
1	286500001	286510001
1	286930001	286940001
1	287280001	287290001
1	287460001	287470001
1	290230001	290240001
1	290380001	290390001
1	290450001	290460001
1	290760001	290770001
1	291100001	291110001
1	292030001	292040001
1	292940001	292950001
1	293030001	293040001
1	293070001	293080001
1	294000001	294010001
1	294120001	294130001
1	294590001	294600001
1	295970001	295980001
1	297240001	297250001
1	297590001	297600001
1	297810001	297820001
1	298440001	298450001
1	299170001	299180001
1	299740001	299750001
1	300070001	300080001
1	300810001	300820001
1	300820001	300830001
1	301070001	301080001
1	301320001	301330001
1	301340001	301350001
1	301350001	301360001
2	1630001	1640001
2	1670001	1680001
2	1770001	1780001
2	1800001	1810001
2	1810001	1820001
2	2370001	2380001
2	3010001	3020001
2	4320001	4330001
2	4330001	4340001
2	5010001	5020001
2	5860001	5870001
2	5870001	5880001
2	6720001	6730001
2	6970001	6980001
2	7330001	7340001
2	10680001	10690001
2	11550001	11560001
2	12280001	12290001
2	12800001	12810001
2	13410001	13420001
2	13860001	13870001
2	14070001	14080001
2	15270001	15280001
2	17440001	17450001
2	17950001	17960001
2	18740001	18750001
2	19380001	19390001
2	19390001	19400001
2	19620001	19630001
2	19630001	19640001
2	19640001	19650001
2	19650001	19660001
2	19660001	19670001
2	20270001	20280001
2	20820001	20830001
2	21010001	21020001
2	21170001	21180001
2	24380001	24390001
2	24850001	24860001
2	25090001	25100001
2	26910001	26920001
2	27330001	27340001
2	28180001	28190001
2	28970001	28980001
2	29260001	29270001
2	29330001	29340001
2	33460001	33470001
2	34420001	34430001
2	34430001	34440001
2	34460001	34470001
2	35620001	35630001
2	37820001	37830001
2	38730001	38740001
2	38810001	38820001
2	39330001	39340001
2	41110001	41120001
2	42130001	42140001
2	42390001	42400001
2	45200001	45210001
2	45420001	45430001
2	49500001	49510001
2	50460001	50470001
2	50820001	50830001
2	50900001	50910001
2	51260001	51270001
2	51350001	51360001
2	52300001	52310001
2	53190001	53200001
2	53210001	53220001
2	53230001	53240001
2	53670001	53680001
2	53680001	53690001
2	53860001	53870001
2	55860001	55870001
2	57430001	57440001
2	57890001	57900001
2	59910001	59920001
2	60430001	60440001
2	62580001	62590001
2	62690001	62700001
2	62720001	62730001
2	63030001	63040001
2	63280001	63290001
2	63910001	63920001
2	65300001	65310001
2	65810001	65820001
2	66060001	66070001
2	68300001	68310001
2	68470001	68480001
2	70340001	70350001
2	71180001	71190001
2	72530001	72540001
2	72560001	72570001
2	74760001	74770001
2	74870001	74880001
2	75170001	75180001
2	75490001	75500001
2	75880001	75890001
2	76040001	76050001
2	76710001	76720001
2	77630001	77640001
2	78230001	78240001
2	78530001	78540001
2	78880001	78890001
2	79240001	79250001
2	79280001	79290001
2	79290001	79300001
2	79930001	79940001
2	79940001	79950001
2	80000001	80010001
2	80080001	80090001
2	80400001	80410001
2	81070001	81080001
2	81130001	81140001
2	81150001	81160001
2	81160001	81170001
2	81210001	81220001
2	81310001	81320001
2	82280001	82290001
2	83030001	83040001
2	83560001	83570001
2	84400001	84410001
2	88380001	88390001
2	92760001	92770001
2	93500000	95370000
2	93750001	93760001
2	94510001	94520001
2	95800001	95810001
2	97530001	97540001
2	97740001	97750001
2	98530001	98540001
2	98910001	98920001
2	99020001	99030001
2	99270001	99280001
2	99350001	99360001
2	99670001	99680001
2	101520001	101530001
2	101570001	101580001
2	101650001	101660001
2	103370001	103380001
2	103490001	103500001
2	105160001	105170001
2	105230001	105240001
2	105590001	105600001
2	107100001	107110001
2	107110001	107120001
2	107630001	107640001
2	107700001	107710001
2	107710001	107720001
2	108130001	108140001
2	108420001	108430001
2	108450001	108460001
2	109930001	109940001
2	110700001	110710001
2	111200001	111210001
2	112460001	112470001
2	112700001	112710001
2	112720001	112730001
2	112900001	112910001
2	113940001	113950001
2	115110001	115120001
2	115690001	115700001
2	116310001	116320001
2	117800001	117810001
2	118780001	118790001
2	119380001	119390001
2	119730001	119740001
2	123320001	123330001
2	123360001	123370001
2	123580001	123590001
2	123760001	123770001
2	126540001	126550001
2	126720001	126730001
2	128280001	128290001
2	128590001	128600001
2	128640001	128650001
2	128680001	128690001
2	128700001	128710001
2	128750001	128760001
2	130330001	130340001
2	130600001	130610001
2	130780001	130790001
2	130930001	130940001
2	131030001	131040001
2	131380001	131390001
2	132890001	132900001
2	137040001	137050001
2	137730001	137740001
2	137830001	137840001
2	139030001	139040001
2	140690001	140700001
2	141280001	141290001
2	142240001	142250001
2	142630001	142640001
2	143010001	143020001
2	143380001	143390001
2	143850001	143860001
2	143870001	143880001
2	143900001	143910001
2	144150001	144160001
2	145310001	145320001
2	146710001	146720001
2	147010001	147020001
2	147830001	147840001
2	148350001	148360001
2	149480001	149490001
2	152440001	152450001
2	152850001	152860001
2	153970001	153980001
2	154260001	154270001
2	154580001	154590001
2	154900001	154910001
2	154990001	155000001
2	156570001	156580001
2	158090001	158100001
2	158100001	158110001
2	158110001	158120001
2	158950001	158960001
2	158980001	158990001
2	159450001	159460001
2	160280001	160290001
2	160880001	160890001
2	160920001	160930001
2	161580001	161590001
2	163010001	163020001
2	163030001	163040001
2	163100001	163110001
2	163140001	163150001
2	163370001	163380001
2	164350001	164360001
2	164960001	164970001
2	165840001	165850001
2	168680001	168690001
2	168820001	168830001
2	170400001	170410001
2	170900001	170910001
2	172720001	172730001
2	172750001	172760001
2	173430001	173440001
2	173960001	173970001
2	174420001	174430001
2	174580001	174590001
2	174910001	174920001
2	177540001	177550001
2	178590001	178600001
2	179370001	179380001
2	181010001	181020001
2	181530001	181540001
2	184590001	184600001
2	186710001	186720001
2	187690001	187700001
2	191020001	191030001
2	192430001	192440001
2	192610001	192620001
2	193090001	193100001
2	193220001	193230001
2	193230001	193240001
2	193620001	193630001
2	193810001	193820001
2	193830001	193840001
2	194180001	194190001
2	194740001	194750001
2	195040001	195050001
2	195560001	195570001
2	197060001	197070001
2	198270001	198280001
2	198330001	198340001
2	198340001	198350001
2	198350001	198360001
2	198400001	198410001
2	198670001	198680001
2	199370001	199380001
2	199450001	199460001
2	199460001	199470001
2	199800001	199810001
2	199950001	199960001
2	200310001	200320001
2	201800001	201810001
2	201810001	201820001
2	203080001	203090001
2	203290001	203300001
2	203400001	203410001
2	203470001	203480001
2	203600001	203610001
2	204160001	204170001
2	204610001	204620001
2	204660001	204670001
2	206140001	206150001
2	206150001	206160001
2	209890001	209900001
2	209950001	209960001
2	210510001	210520001
2	210720001	210730001
2	210760001	210770001
2	210770001	210780001
2	211550001	211560001
2	212780001	212790001
2	213010001	213020001
2	213040001	213050001
2	213120001	213130001
2	213300001	213310001
2	213710001	213720001
2	213750001	213760001
2	214900001	214910001
2	220070001	220080001
2	220950001	220960001
2	221320001	221330001
2	221510001	221520001
2	223410001	223420001
2	223850001	223860001
2	224160001	224170001
2	225580001	225590001
2	225640001	225650001
2	226030001	226040001
2	226070001	226080001
2	226450001	226460001
2	227880001	227890001
2	229790001	229800001
2	230120001	230130001
2	230370001	230380001
2	231560001	231570001
2	232900001	232910001
2	233180001	233190001
2	233260001	233270001
2	233330001	233340001
2	233630001	233640001
2	233790001	233800001
2	234260001	234270001
2	234400001	234410001
2	235890001	235900001
2	235960001	235970001
2	236850001	236860001
2	236870001	236880001
2	237100001	237110001
2	237620001	237630001
3	830001	840001
3	1250001	1260001
3	3020001	3030001
3	4350001	4360001
3	5180001	5190001
3	5340001	5350001
3	5740001	5750001
3	5770001	5780001
3	6100001	6110001
3	6960001	6970001
3	6990001	7000001
3	7380001	7390001
3	8590001	8600001
3	8610001	8620001
3	8620001	8630001
3	8750001	8760001
3	8800001	8810001
3	8810001	8820001
3	9870001	9880001
3	10680001	10690001
3	13390001	13400001
3	14340001	14350001
3	14350001	14360001
3	14830001	14840001
3	14850001	14860001
3	15870001	15880001
3	17270001	17280001
3	18440001	18450001
3	18620001	18630001
3	19260001	19270001
3	19280001	19290001
3	19420001	19430001
3	19450001	19460001
3	19460001	19470001
3	19490001	19500001
3	22480001	22490001
3	23110001	23120001
3	23230001	23240001
3	23260001	23270001
3	23270001	23280001
3	23280001	23290001
3	25170001	25180001
3	25380001	25390001
3	25520001	25530001
3	26550001	26560001
3	27180001	27190001
3	27840001	27850001
3	29470001	29480001
3	29660001	29670001
3	29670001	29680001
3	29770001	29780001
3	29790001	29800001
3	29800001	29810001
3	29810001	29820001
3	29820001	29830001
3	29970001	29980001
3	30100001	30110001
3	30840001	30850001
3	30990001	31000001
3	31050001	31060001
3	31450001	31460001
3	32390001	32400001
3	32800001	32810001
3	32990001	33000001
3	33050001	33060001
3	33430001	33440001
3	33760001	33770001
3	33940001	33950001
3	34100001	34110001
3	34340001	34350001
3	34500001	34510001
3	34590001	34600001
3	35230001	35240001
3	35410001	35420001
3	37360001	37370001
3	37660001	37670001
3	37670001	37680001
3	37740001	37750001
3	37860001	37870001
3	38100001	38110001
3	39540001	39550001
3	39970001	39980001
3	40010001	40020001
3	40030001	40040001
3	40190001	40200001
3	40310001	40320001
3	40320001	40330001
3	40610001	40620001
3	41440001	41450001
3	41750001	41760001
3	42360001	42370001
3	42500001	42510001
3	42540001	42550001
3	44140001	44150001
3	45070001	45080001
3	45130001	45140001
3	45140001	45150001
3	45150001	45160001
3	45180001	45190001
3	45720001	45730001
3	47550001	47560001
3	47590001	47600001
3	47620001	47630001
3	48810001	48820001
3	51460001	51470001
3	53340001	53350001
3	54290001	54300001
3	54720001	54730001
3	54990001	55000001
3	55650001	55660001
3	56060001	56070001
3	56470001	56480001
3	56480001	56490001
3	56500001	56510001
3	56780001	56790001
3	57230001	57240001
3	57780001	57790001
3	57820001	57830001
3	58360001	58370001
3	59970001	59980001
3	60310001	60320001
3	60700001	60710001
3	60770001	60780001
3	60800001	60810001
3	60870001	60880001
3	60910001	60920001
3	62280001	62290001
3	62350001	62360001
3	62370001	62380001
3	62580001	62590001
3	62600001	62610001
3	62610001	62620001
3	64800001	64810001
3	65140001	65150001
3	65190001	65200001
3	66280001	66290001
3	66460001	66470001
3	67260001	67270001
3	69580001	69590001
3	69670001	69680001
3	69700001	69710001
3	69750001	69760001
3	70850001	70860001
3	71270001	71280001
3	71350001	71360001
3	71780001	71790001
3	71880001	71890001
3	71960001	71970001
3	72870001	72880001
3	72900001	72910001
3	73910001	73920001
3	73960001	73970001
3	75440001	75450001
3	76460001	76470001
3	76910001	76920001
3	77360001	77370001
3	78000000	88000000
3	78510001	78520001
3	79020001	79030001
3	79290001	79300001
3	79740001	79750001
3	80520001	80530001
3	80560001	80570001
3	80660001	80670001
3	80720001	80730001
3	80970001	80980001
3	81020001	81030001
3	81050001	81060001
3	81070001	81080001
3	81360001	81370001
3	81390001	81400001
3	81600001	81610001
3	81610001	81620001
3	81730001	81740001
3	81890001	81900001
3	82030001	82040001
3	82090001	82100001
3	82320001	82330001
3	82720001	82730001
3	82800001	82810001
3	82830001	82840001
3	83040001	83050001
3	83050001	83060001
3	83060001	83070001
3	83130001	83140001
3	83210001	83220001
3	83230001	83240001
3	83400001	83410001
3	83410001	83420001
3	83600001	83610001
3	84010001	84020001
3	84070001	84080001
3	84210001	84220001
3	84980001	84990001
3	85770001	85780001
3	86060001	86070001
3	86090001	86100001
3	86580001	86590001
3	86910001	86920001
3	87270001	87280001
3	87600001	87610001
3	88000001	88010001
3	88320001	88330001
3	88510001	88520001
3	88550001	88560001
3	88720001	88730001
3	89040001	89050001
3	89110001	89120001
3	89140001	89150001
3	89160001	89170001
3	89370001	89380001
3	89380001	89390001
3	89420001	89430001
3	90710001	90720001
3	91010001	91020001
3	91340001	91350001
3	93100001	93110001
3	93320001	93330001
3	94070001	94080001
3	94790001	94800001
3	96860001	96870001
3	97790001	97800001
3	98700001	98710001
3	99000001	99010001
3	99560001	99570001
3	99790000	100840000
3	100280001	100290001
3	100290001	100300001
3	100410001	100420001
3	100720001	100730001
3	101000001	101010001
3	101050001	101060001
3	101620001	101630001
3	101740001	101750001
3	101760001	101770001
3	101770001	101780001
3	101780001	101790001
3	101980001	101990001
3	102250001	102260001
3	102410001	102420001
3	102500001	102510001
3	103100001	103110001
3	105810001	105820001
3	106120001	106130001
3	108870001	108880001
3	109140001	109150001
3	109720001	109730001
3	109820001	109830001
3	110650001	110660001
3	110700001	110710001
3	110790001	110800001
3	110900001	110910001
3	111000001	111010001
3	111180001	111190001
3	111240001	111250001
3	114690001	114700001
3	119700001	119710001
3	120370001	120380001
3	121250001	121260001
3	121390001	121400001
3	121450001	121460001
3	121470001	121480001
3	121770001	121780001
3	121780001	121790001
3	121910001	121920001
3	122070001	122080001
3	122130001	122140001
3	122140001	122150001
3	122180001	122190001
3	122350001	122360001
3	122390001	122400001
3	122400001	122410001
3	122890001	122900001
3	122900001	122910001
3	124750001	124760001
3	128950001	128960001
3	128970001	128980001
3	128990001	129000001
3	130020001	130030001
3	130170001	130180001
3	130260001	130270001
3	131370001	131380001
3	132380001	132390001
3	133360001	133370001
3	133370001	133380001
3	133810001	133820001
3	134270001	134280001
3	134300001	134310001
3	134310001	134320001
3	134690001	134700001
3	135470001	135480001
3	135530001	135540001
3	135540001	135550001
3	135600001	135610001
3	135720001	135730001
3	135870001	135880001
3	135880001	135890001
3	135900001	135910001
3	135910001	135920001
3	136430001	136440001
3	136580001	136590001
3	137520001	137530001
3	138360001	138370001
3	138430001	138440001
3	138700001	138710001
3	138730001	138740001
3	138760001	138770001
3	139260001	139270001
3	139420001	139430001
3	140300001	140310001
3	140720001	140730001
3	140730001	140740001
3	144920001	144930001
3	146240001	146250001
3	147690001	147700001
3	148880001	148890001
3	149400001	149410001
3	150430001	150440001
3	152360001	152370001
3	152750001	152760001
3	154480001	154490001
3	154570001	154580001
3	155350001	155360001
3	155480001	155490001
3	156100001	156110001
3	156110001	156120001
3	156160001	156170001
3	157550001	157560001
3	157790001	157800001
3	157950001	157960001
3	158010001	158020001
3	158240001	158250001
3	158390001	158400001
3	158550001	158560001
3	158870001	158880001
3	158970001	158980001
3	159640001	159650001
3	160210001	160220001
3	162320001	162330001
3	164410001	164420001
3	164670001	164680001
3	164800001	164810001
3	165010001	165020001
3	165210001	165220001
3	165450001	165460001
3	166410001	166420001
3	168060001	168070001
3	170590001	170600001
3	170650001	170660001
3	170670001	170680001
3	170700001	170710001
3	170720001	170730001
3	170740001	170750001
3	170750001	170760001
3	170760001	170770001
3	170770001	170780001
3	171760001	171770001
3	173990001	174000001
3	174820001	174830001
3	174920001	174930001
3	175980001	175990001
3	176820001	176830001
3	177600001	177610001
3	178920001	178930001
3	179830001	179840001
3	179880001	179890001
3	180060001	180070001
3	180080001	180090001
3	181050001	181060001
3	182170001	182180001
3	182550001	182560001
3	182800001	182810001
3	183620001	183630001
3	184360001	184370001
3	184780001	184790001
3	185560001	185570001
3	185740001	185750001
3	185800001	185810001
3	186450001	186460001
3	186490001	186500001
3	186500001	186510001
3	187370001	187380001
3	187470001	187480001
3	187480001	187490001
3	187860001	187870001
3	187870001	187880001
3	188730001	188740001
3	188940001	188950001
3	188950001	188960001
3	189100001	189110001
3	189300001	189310001
3	189400001	189410001
3	190830001	190840001
3	190850001	190860001
3	191170001	191180001
3	191180001	191190001
3	191210001	191220001
3	191220001	191230001
3	191230001	191240001
3	191240001	191250001
3	191250001	191260001
3	191500001	191510001
3	193920001	193930001
3	195670001	195680001
3	195750001	195760001
3	195760001	195770001
3	196080001	196090001
3	196090001	196100001
3	196110001	196120001
3	196380001	196390001
3	196410001	196420001
3	197120001	197130001
3	197990001	198000001
3	198800001	198810001
3	199070001	199080001
3	199310001	199320001
3	199510001	199520001
3	200030001	200040001
3	200200001	200210001
3	200860001	200870001
3	201140001	201150001
3	201930001	201940001
3	203020001	203030001
3	203030001	203040001
3	204750001	204760001
3	205060001	205070001
3	205430001	205440001
3	205550001	205560001
3	205890001	205900001
3	205910001	205920001
3	206220001	206230001
3	206230001	206240001
3	206260001	206270001
3	206600001	206610001
3	206940001	206950001
3	208620001	208630001
3	208670001	208680001
3	209100001	209110001
3	209690001	209700001
3	209930001	209940001
3	211010001	211020001
3	211110001	211120001
3	211400001	211410001
3	211850001	211860001
3	211900001	211910001
3	211970001	211980001
3	215000001	215010001
3	215710001	215720001
3	216080001	216090001
3	216220001	216230001
3	216630001	216640001
3	216930001	216940001
3	216960001	216970001
3	218810001	218820001
3	218860001	218870001
3	219200001	219210001
3	219260001	219270001
3	219510001	219520001
3	220820001	220830001
3	220840001	220850001
3	221740001	221750001
3	221990001	222000001
3	223080001	223090001
3	223160001	223170001
3	223880001	223890001
3	225030001	225040001
3	225090001	225100001
3	225170001	225180001
3	225540001	225550001
3	226330001	226340001
3	226340001	226350001
3	226350001	226360001
3	226510001	226520001
3	227200001	227210001
3	228700001	228710001
3	229680001	229690001
3	229740001	229750001
3	229750001	229760001
3	229760001	229770001
3	230410001	230420001
3	230730001	230740001
3	230740001	230750001
3	231690001	231700001
3	231700001	231710001
4	650001	660001
4	1090001	1100001
4	3140001	3150001
4	3150001	3160001
4	3360001	3370001
4	3850001	3860001
4	5080001	5090001
4	5460001	5470001
4	6560001	6570001
4	7610001	7620001
4	7620001	7630001
4	8160001	8170001
4	8330001	8340001
4	9370001	9380001
4	9610001	9620001
4	9820001	9830001
4	9940001	9950001
4	9960001	9970001
4	10100001	10110001
4	11220001	11230001
4	11260001	11270001
4	12490001	12500001
4	16950001	16960001
4	17550001	17560001
4	18080001	18090001
4	21230001	21240001
4	23880001	23890001
4	23890001	23900001
4	23900001	23910001
4	24080001	24090001
4	24100001	24110001
4	24790001	24800001
4	24930001	24940001
4	24990001	25000001
4	25000001	25010001
4	25010001	25020001
4	25040001	25050001
4	25140001	25150001
4	25230001	25240001
4	25250001	25260001
4	25280001	25290001
4	27050001	27060001
4	28940001	28950001
4	30090001	30100001
4	30310001	30320001
4	30440001	30450001
4	30970001	30980001
4	31930001	31940001
4	33380001	33390001
4	34040001	34050001
4	34100001	34110001
4	36240001	36250001
4	37370001	37380001
4	37380001	37390001
4	37590001	37600001
4	38990001	39000001
4	39220001	39230001
4	40000001	40010001
4	40830001	40840001
4	41990001	42000001
4	42300001	42310001
4	43250001	43260001
4	43260001	43270001
4	43430001	43440001
4	43610001	43620001
4	43940001	43950001
4	46300001	46310001
4	46350001	46360001
4	49440001	49450001
4	49580001	49590001
4	49670001	49680001
4	49850001	49860001
4	50450001	50460001
4	50600001	50610001
4	51360001	51370001
4	51380001	51390001
4	51430001	51440001
4	51470001	51480001
4	51530001	51540001
4	51590001	51600001
4	51680001	51690001
4	51740001	51750001
4	51840001	51850001
4	51870001	51880001
4	51920001	51930001
4	54180001	54190001
4	55110001	55120001
4	55300001	55310001
4	55370001	55380001
4	56360001	56370001
4	56950001	56960001
4	58970001	58980001
4	60170001	60180001
4	60190001	60200001
4	60710001	60720001
4	61550001	61560001
4	61740001	61750001
4	62010001	62020001
4	65220001	65230001
4	65610001	65620001
4	65670001	65680001
4	66630001	66640001
4	67910001	67920001
4	68260001	68270001
4	68490001	68500001
4	70340001	70350001
4	71080001	71090001
4	71150001	71160001
4	71420001	71430001
4	71740001	71750001
4	72000001	72010001
4	72490001	72500001
4	72600001	72610001
4	72710001	72720001
4	73090001	73100001
4	73780001	73790001
4	73890001	73900001
4	73960001	73970001
4	74030001	74040001
4	74230001	74240001
4	74240001	74250001
4	74340001	74350001
4	74410001	74420001
4	74740001	74750001
4	75680001	75690001
4	77610001	77620001
4	77640001	77650001
4	77720001	77730001
4	78810001	78820001
4	80550001	80560001
4	80840001	80850001
4	80980001	80990001
4	83900001	83910001
4	84380001	84390001
4	84780001	84790001
4	84970001	84980001
4	84980001	84990001
4	85730001	85740001
4	87250001	87260001
4	92470001	92480001
4	92550001	92560001
4	92640001	92650001
4	93400001	93410001
4	94090001	94100001
4	94600001	94610001
4	95170001	95180001
4	95290001	95300001
4	96570001	96580001
4	97240001	97250001
4	97430001	97440001
4	97530001	97540001
4	98220001	98230001
4	98330001	98340001
4	100910001	100920001
4	103010001	103020001
4	103610000	103980000
4	103870001	103880001
4	104050001	104060001
4	104180001	104190001
4	105120001	105130001
4	105360000	105730000
4	105790000	106210000
4	107470001	107480001
4	107510001	107520001
4	108540001	108550001
4	108570001	108580001
4	109420001	109430001
4	109440001	109450001
4	109470001	109480001
4	110460001	110470001
4	110520001	110530001
4	110540001	110550001
4	110550001	110560001
4	110700001	110710001
4	111360001	111370001
4	113160001	113170001
4	114740001	114750001
4	117010001	117020001
4	117290001	117300001
4	117430001	117440001
4	117440001	117450001
4	117450001	117460001
4	117460001	117470001
4	117590001	117600001
4	117610001	117620001
4	117630001	117640001
4	117810001	117820001
4	118070001	118080001
4	118410001	118420001
4	118600001	118610001
4	120700001	120710001
4	120810001	120820001
4	121280001	121290001
4	121920001	121930001
4	122240001	122250001
4	122250001	122260001
4	122310001	122320001
4	122340001	122350001
4	122700001	122710001
4	124040001	124050001
4	124260001	124270001
4	124690001	124700001
4	124700001	124710001
4	124870001	124880001
4	125350001	125360001
4	125970001	125980001
4	126470001	126480001
4	127130001	127140001
4	127220001	127230001
4	127230001	127240001
4	129440001	129450001
4	129510001	129520001
4	129870001	129880001
4	131030001	131040001
4	131870001	131880001
4	131880001	131890001
4	132900001	132910001
4	132960001	132970001
4	133130001	133140001
4	133230001	133240001
4	133270001	133280001
4	133420001	133430001
4	133430001	133440001
4	133480001	133490001
4	133680001	133690001
4	133870001	133880001
4	133950001	133960001
4	134040001	134050001
4	136560001	136570001
4	137140001	137150001
4	137590001	137600001
4	137610001	137620001
4	137700001	137710001
4	138180001	138190001
4	138730001	138740001
4	139550001	139560001
4	139580001	139590001
4	141290001	141300001
4	141840001	141850001
4	142670001	142680001
4	143030001	143040001
4	143540001	143550001
4	144070001	144080001
4	145380001	145390001
4	145390001	145400001
4	145400001	145410001
4	145410001	145420001
4	145530001	145540001
4	147770001	147780001
4	147800001	147810001
4	147830001	147840001
4	148450001	148460001
4	149970001	149980001
4	150790001	150800001
4	151420001	151430001
4	152680001	152690001
4	153420001	153430001
4	153520001	153530001
4	153530001	153540001
4	157120001	157130001
4	157790001	157800001
4	157910001	157920001
4	158590001	158600001
4	160160001	160170001
4	161110001	161120001
4	163230001	163240001
4	163280001	163290001
4	163920001	163930001
4	166430001	166440001
4	167240001	167250001
4	167500001	167510001
4	167590001	167600001
4	167800001	167810001
4	167980001	167990001
4	168000000	186000000
4	168140001	168150001
4	168210001	168220001
4	168390001	168400001
4	168510001	168520001
4	168620001	168630001
4	168650001	168660001
4	168780001	168790001
4	168870001	168880001
4	168880001	168890001
4	169010001	169020001
4	169030001	169040001
4	169180001	169190001
4	169240001	169250001
4	169250001	169260001
4	169460001	169470001
4	169470001	169480001
4	169510001	169520001
4	169530001	169540001
4	169640001	169650001
4	169830001	169840001
4	169910001	169920001
4	169980001	169990001
4	169990001	170000001
4	170030001	170040001
4	170040001	170050001
4	170250001	170260001
4	170270001	170280001
4	170360001	170370001
4	170430001	170440001
4	170440001	170450001
4	170540001	170550001
4	170590001	170600001
4	170740001	170750001
4	171010001	171020001
4	171150001	171160001
4	171690001	171700001
4	171700001	171710001
4	171750001	171760001
4	171810001	171820001
4	172030001	172040001
4	172040001	172050001
4	172080001	172090001
4	172110001	172120001
4	172470001	172480001
4	172540001	172550001
4	172550001	172560001
4	172630001	172640001
4	172690001	172700001
4	172700001	172710001
4	172710001	172720001
4	172770001	172780001
4	172780001	172790001
4	172790001	172800001
4	172860001	172870001
4	173030001	173040001
4	173100001	173110001
4	173230001	173240001
4	173240001	173250001
4	173250001	173260001
4	173350001	173360001
4	173400001	173410001
4	173580001	173590001
4	173620001	173630001
4	173630001	173640001
4	173650001	173660001
4	173840001	173850001
4	173850001	173860001
4	174010001	174020001
4	174330001	174340001
4	174790001	174800001
4	174920001	174930001
4	174930001	174940001
4	175170001	175180001
4	175240001	175250001
4	175350001	175360001
4	175520001	175530001
4	175530001	175540001
4	175600001	175610001
4	175620001	175630001
4	175660001	175670001
4	175670001	175680001
4	175750001	175760001
4	175760001	175770001
4	175770001	175780001
4	175860001	175870001
4	175940001	175950001
4	176000001	176010001
4	176010001	176020001
4	176070001	176080001
4	176180001	176190001
4	176230001	176240001
4	176380001	176390001
4	176490001	176500001
4	176500001	176510001
4	176510001	176520001
4	176520001	176530001
4	176670001	176680001
4	176830001	176840001
4	177080001	177090001
4	177180001	177190001
4	177460001	177470001
4	177670001	177680001
4	177680001	177690001
4	177900001	177910001
4	177910001	177920001
4	178080001	178090001
4	178090001	178100001
4	178160001	178170001
4	178240001	178250001
4	178250001	178260001
4	178260001	178270001
4	178480001	178490001
4	178490001	178500001
4	178520001	178530001
4	178590001	178600001
4	178680001	178690001
4	178780001	178790001
4	178910001	178920001
4	178920001	178930001
4	179190001	179200001
4	179220001	179230001
4	179230001	179240001
4	179280001	179290001
4	179310001	179320001
4	179330001	179340001
4	179340001	179350001
4	179370001	179380001
4	179380001	179390001
4	179440001	179450001
4	179450001	179460001
4	179470001	179480001
4	179520001	179530001
4	179540001	179550001
4	179650001	179660001
4	179840001	179850001
4	179850001	179860001
4	179870001	179880001
4	180100001	180110001
4	180460001	180470001
4	180530001	180540001
4	180610001	180620001
4	180650001	180660001
4	180680001	180690001
4	181210001	181220001
4	181250001	181260001
4	181480001	181490001
4	181540001	181550001
4	181590001	181600001
4	181660001	181670001
4	181700001	181710001
4	181720001	181730001
4	181800001	181810001
4	181810001	181820001
4	181920001	181930001
4	182130001	182140001
4	182450001	182460001
4	182460001	182470001
4	182800001	182810001
4	182810001	182820001
4	183350001	183360001
4	183520001	183530001
4	183760001	183770001
4	184450001	184460001
4	185660001	185670001
4	186780001	186790001
4	187600001	187610001
4	187770001	187780001
4	188900001	188910001
4	189300001	189310001
4	190030001	190040001
4	191710001	191720001
4	192440001	192450001
4	193080001	193090001
4	193350001	193360001
4	193370001	193380001
4	193480001	193490001
4	194440001	194450001
4	194970001	194980001
4	195130001	195140001
4	196220001	196230001
4	196410001	196420001
4	197550001	197560001
4	197910001	197920001
4	199840001	199850001
4	203300001	203310001
4	203450001	203460001
4	203460001	203470001
4	203580001	203590001
4	204320001	204330001
4	204540001	204550001
4	204550001	204560001
4	204590001	204600001
4	204650001	204660001
4	204660001	204670001
4	205130001	205140001
4	205180001	205190001
4	205610001	205620001
4	205800001	205810001
4	205830001	205840001
4	205860001	205870001
4	206530001	206540001
4	206590001	206600001
4	206800001	206810001
4	207520001	207530001
4	207540001	207550001
4	207700001	207710001
4	208180001	208190001
4	208420001	208430001
4	208550001	208560001
4	208560001	208570001
4	208580001	208590001
4	208590001	208600001
4	208740001	208750001
4	210840001	210850001
4	211460001	211470001
4	212280001	212290001
4	212810001	212820001
4	213270001	213280001
4	213690001	213700001
4	213940001	213950001
4	214490001	214500001
4	214810001	214820001
4	215830001	215840001
4	217480001	217490001
4	217810001	217820001
4	218860001	218870001
4	219360001	219370001
4	219520001	219530001
4	220160001	220170001
4	220440001	220450001
4	220470001	220480001
4	220620001	220630001
4	221130001	221140001
4	221180001	221190001
4	221450001	221460001
4	221620001	221630001
4	221830001	221840001
4	221890001	221900001
4	223500001	223510001
4	223750001	223760001
4	224300001	224310001
4	224310001	224320001
4	224980001	224990001
4	225260001	225270001
4	225680001	225690001
4	226260001	226270001
4	226550001	226560001
4	227120001	227130001
4	228150001	228160001
4	228650001	228660001
4	228880001	228890001
4	229080001	229090001
4	229190001	229200001
4	229690001	229700001
4	229700001	229710001
4	230510001	230520001
4	230620001	230630001
4	230770001	230780001
4	231110001	231120001
4	231500001	231510001
4	231520001	231530001
4	231570001	231580001
4	232490001	232500001
4	234170001	234180001
4	234360001	234370001
4	234650001	234660001
4	235770001	235780001
4	235980001	235990001
4	235990001	236000001
4	236000001	236010001
4	237180001	237190001
4	237210001	237220001
4	237230001	237240001
4	237240001	237250001
4	237510001	237520001
4	238520001	238530001
4	238930001	238940001
4	239770001	239780001
4	240190001	240200001
5	1	10001
5	1030001	1040001
5	1310001	1320001
5	1960001	1970001
5	2000001	2010001
5	3840001	3850001
5	3860001	3870001
5	3940001	3950001
5	4310001	4320001
5	9090001	9100001
5	9130001	9140001
5	11090001	11100001
5	11100001	11110001
5	12160001	12170001
5	12210001	12220001
5	12400001	12410001
5	12690001	12700001
5	12710001	12720001
5	13510001	13520001
5	13960001	13970001
5	13970001	13980001
5	14030001	14040001
5	16770001	16780001
5	18370001	18380001
5	19140001	19150001
5	20900001	20910001
5	22150001	22160001
5	22680001	22690001
5	24990001	25000001
5	26990001	27000001
5	28970001	28980001
5	29150001	29160001
5	31590001	31600001
5	31670001	31680001
5	31690001	31700001
5	31700001	31710001
5	31840001	31850001
5	32440001	32450001
5	32450001	32460001
5	32620001	32630001
5	32630001	32640001
5	33060001	33070001
5	33270001	33280001
5	33280001	33290001
5	34560001	34570001
5	35280001	35290001
5	36320001	36330001
5	36460001	36470001
5	36470001	36480001
5	36500001	36510001
5	36780001	36790001
5	37080001	37090001
5	37100001	37110001
5	37110001	37120001
5	37120001	37130001
5	37230001	37240001
5	37770001	37780001
5	37850001	37860001
5	38030001	38040001
5	38190001	38200001
5	39840001	39850001
5	40040001	40050001
5	40140001	40150001
5	40200001	40210001
5	40250001	40260001
5	40340001	40350001
5	42880001	42890001
5	43950001	43960001
5	44030001	44040001
5	44250001	44260001
5	45620001	45630001
5	45710001	45720001
5	45840001	45850001
5	46560001	46570001
5	46790001	46800001
5	47110001	47120001
5	47120001	47130001
5	47400001	47410001
5	49180001	49190001
5	50190001	50200001
5	50320001	50330001
5	50830001	50840001
5	51230001	51240001
5	51470001	51480001
5	51600001	51610001
5	52900001	52910001
5	55890001	55900001
5	57460001	57470001
5	57530001	57540001
5	57610001	57620001
5	57880001	57890001
5	57950001	57960001
5	62300001	62310001
5	63400001	63410001
5	63410001	63420001
5	64270001	64280001
5	64280001	64290001
5	64310001	64320001
5	64340001	64350001
5	64360001	64370001
5	67650001	67660001
5	68220001	68230001
5	68320001	68330001
5	68540001	68550001
5	69360001	69370001
5	69640001	69650001
5	70790001	70800001
5	71870001	71880001
5	72650001	72660001
5	73600001	73610001
5	73720001	73730001
5	74070001	74080001
5	76640001	76650001
5	76660001	76670001
5	78020001	78030001
5	78030001	78040001
5	78340001	78350001
5	78430001	78440001
5	78740001	78750001
5	79140001	79150001
5	82320001	82330001
5	82460001	82470001
5	82480001	82490001
5	83430001	83440001
5	84090001	84100001
5	84130001	84140001
5	84140001	84150001
5	84970001	84980001
5	85100001	85110001
5	85110001	85120001
5	85190001	85200001
5	85250001	85260001
5	85260001	85270001
5	86100001	86110001
5	86110001	86120001
5	86880001	86890001
5	87020001	87030001
5	87150001	87160001
5	87240001	87250001
5	87350001	87360001
5	87430001	87440001
5	87440001	87450001
5	87450001	87460001
5	88750001	88760001
5	89550001	89560001
5	91370001	91380001
5	91840001	91850001
5	91890001	91900001
5	92330001	92340001
5	93200001	93210001
5	93470001	93480001
5	96050001	96060001
5	98960001	98970001
5	100830001	100840001
5	102060000	104160000
5	102670001	102680001
5	105720001	105730001
5	105970001	105980001
5	106460001	106470001
5	106800001	106810001
5	107230001	107240001
5	109900001	109910001
5	112060001	112070001
5	112270001	112280001
5	112400001	112410001
5	112420001	112430001
5	112450001	112460001
5	112510001	112520001
5	112550001	112560001
5	112560001	112570001
5	112670001	112680001
5	112720001	112730001
5	112730001	112740001
5	112740001	112750001
5	112750001	112760001
5	112780001	112790001
5	112790001	112800001
5	112810001	112820001
5	113780001	113790001
5	113790001	113800001
5	113810001	113820001
5	114120001	114130001
5	114130001	114140001
5	114660001	114670001
5	114670001	114680001
5	114770001	114780001
5	114780001	114790001
5	114790001	114800001
5	114800001	114810001
5	114830001	114840001
5	114930001	114940001
5	115070001	115080001
5	115180001	115190001
5	115300001	115310001
5	115320001	115330001
5	118900001	118910001
5	120490001	120500001
5	121730001	121740001
5	122690001	122700001
5	124650001	124660001
5	129630001	129640001
5	131140001	131150001
5	131860001	131870001
5	131920001	131930001
5	133640001	133650001
5	133750001	133760001
5	133950001	133960001
5	134540001	134550001
5	134580001	134590001
5	134620001	134630001
5	135100001	135110001
5	135370001	135380001
5	138340001	138350001
5	139310001	139320001
5	139320001	139330001
5	139390001	139400001
5	139840001	139850001
5	140030001	140040001
5	140510001	140520001
5	140520001	140530001
5	140690001	140700001
5	141420001	141430001
5	143050001	143060001
5	143070001	143080001
5	143100001	143110001
5	143110001	143120001
5	144000001	144010001
5	144110001	144120001
5	144590001	144600001
5	144600001	144610001
5	144850001	144860001
5	144890001	144900001
5	145050001	145060001
5	145760001	145770001
5	146420001	146430001
5	147310001	147320001
5	147890001	147900001
5	148570001	148580001
5	150990001	151000001
5	151970001	151980001
5	152290001	152300001
5	152600001	152610001
5	154350001	154360001
5	154790001	154800001
5	155330001	155340001
5	159390001	159400001
5	161640001	161650001
5	161900001	161910001
5	161950001	161960001
5	161960001	161970001
5	162720001	162730001
5	162870001	162880001
5	162890001	162900001
5	163310001	163320001
5	164190001	164200001
5	167100001	167110001
5	167970001	167980001
5	168300001	168310001
5	170880001	170890001
5	171090001	171100001
5	171410001	171420001
5	171870001	171880001
5	171920001	171930001
5	171930001	171940001
5	172140001	172150001
5	172150001	172160001
5	172290001	172300001
5	172780001	172790001
5	174410001	174420001
5	175470001	175480001
5	176080001	176090001
5	176270001	176280001
5	177250001	177260001
5	177860001	177870001
5	178380001	178390001
5	178840001	178850001
5	179130001	179140001
5	179640001	179650001
5	179760001	179770001
5	180040001	180050001
5	180070001	180080001
5	180170001	180180001
5	180190001	180200001
5	181530001	181540001
5	182130001	182140001
5	182570001	182580001
5	182640001	182650001
5	183560001	183570001
5	185240001	185250001
5	185540001	185550001
5	185730001	185740001
5	186230001	186240001
5	187060001	187070001
5	187070001	187080001
5	188170001	188180001
5	188240001	188250001
5	188290001	188300001
5	189350001	189360001
5	189370001	189380001
5	189410001	189420001
5	189430001	189440001
5	189440001	189450001
5	189450001	189460001
5	189740001	189750001
5	189820001	189830001
5	190800001	190810001
5	191410001	191420001
5	191840001	191850001
5	192180001	192190001
5	192200001	192210001
5	195520001	195530001
5	196560001	196570001
5	197220001	197230001
5	197370001	197380001
5	197610001	197620001
5	198070001	198080001
5	198590001	198600001
5	199440001	199450001
5	199480001	199490001
5	199800001	199810001
5	199820001	199830001
5	200730001	200740001
5	201130001	201140001
5	202330001	202340001
5	202620001	202630001
5	202630001	202640001
5	202650001	202660001
5	202830001	202840001
5	203700001	203710001
5	203850001	203860001
5	204330001	204340001
5	204340001	204350001
5	205300001	205310001
5	205340001	205350001
5	207110001	207120001
5	209290001	209300001
5	209300001	209310001
5	209720001	209730001
5	210140001	210150001
5	210520001	210530001
5	210780001	210790001
5	211090001	211100001
5	211460001	211470001
5	211480001	211490001
5	212560001	212570001
5	212630001	212640001
5	212810001	212820001
5	212820001	212830001
5	212870001	212880001
5	213340001	213350001
5	213670001	213680001
5	213890001	213900001
5	214600001	214610001
5	214890001	214900001
5	216160001	216170001
6	1530001	1540001
6	2590001	2600001
6	4440001	4450001
6	4640001	4650001
6	6080001	6090001
6	9080001	9090001
6	9180001	9190001
6	10030001	10040001
6	10570001	10580001
6	13060001	13070001
6	13720001	13730001
6	13730001	13740001
6	13740001	13750001
6	13760001	13770001
6	13840001	13850001
6	14600001	14610001
6	14770001	14780001
6	15310001	15320001
6	15480001	15490001
6	16160001	16170001
6	16170001	16180001
6	16270001	16280001
6	17640001	17650001
6	17960001	17970001
6	19960001	19970001
6	19980001	19990001
6	20330001	20340001
6	21000001	21010001
6	21010001	21020001
6	21020001	21030001
6	21370001	21380001
6	22550001	22560001
6	23810001	23820001
6	25940001	25950001
6	26980001	26990001
6	27350001	27360001
6	27400001	27410001
6	27520001	27530001
6	27780001	27790001
6	27840001	27850001
6	28220001	28230001
6	29800001	29810001
6	31300001	31310001
6	32190001	32200001
6	32690001	32700001
6	32760001	32770001
6	34130001	34140001
6	36640001	36650001
6	36980001	36990001
6	38270001	38280001
6	39140001	39150001
6	39150000	39310000
6	42760001	42770001
6	44540001	44550001
6	44570001	44580001
6	45020001	45030001
6	45040001	45050001
6	45060001	45070001
6	45080001	45090001
6	45400001	45410001
6	45410001	45420001
6	45780001	45790001
6	46000000	56000000
6	46860001	46870001
6	46920001	46930001
6	46930001	46940001
6	47010001	47020001
6	47990001	48000001
6	48170001	48180001
6	48230001	48240001
6	48720001	48730001
6	49910001	49920001
6	49970001	49980001
6	50440001	50450001
6	51290001	51300001
6	51380001	51390001
6	51500001	51510001
6	51510001	51520001
6	51550001	51560001
6	51560001	51570001
6	51790001	51800001
6	51930001	51940001
6	52210001	52220001
6	52360001	52370001
6	52440001	52450001
6	52900001	52910001
6	53060001	53070001
6	53110001	53120001
6	53940001	53950001
6	54080001	54090001
6	54140001	54150001
6	54180001	54190001
6	54190001	54200001
6	54220001	54230001
6	54300001	54310001
6	54380001	54390001
6	54400001	54410001
6	54590001	54600001
6	54600001	54610001
6	54640001	54650001
6	54930001	54940001
6	54940001	54950001
6	55210001	55220001
6	55220001	55230001
6	55290001	55300001
6	55320001	55330001
6	55410001	55420001
6	55430001	55440001
6	55490001	55500001
6	55540001	55550001
6	55750001	55760001
6	55800001	55810001
6	55870001	55880001
6	56300001	56310001
6	56310001	56320001
6	56320001	56330001
6	56370001	56380001
6	56520001	56530001
6	56620001	56630001
6	56660001	56670001
6	56680001	56690001
6	56760001	56770001
6	57550001	57560001
6	58320001	58330001
6	61170001	61180001
6	62710001	62720001
6	62720001	62730001
6	63410001	63420001
6	66080001	66090001
6	66450001	66460001
6	66500001	66510001
6	69730001	69740001
6	69770001	69780001
6	71170001	71180001
6	71200001	71210001
6	71400001	71410001
6	71830001	71840001
6	71980001	71990001
6	72340001	72350001
6	72350001	72360001
6	72360001	72370001
6	72370001	72380001
6	72680001	72690001
6	74570001	74580001
6	75320001	75330001
6	75790001	75800001
6	76390001	76400001
6	76590001	76600001
6	76930001	76940001
6	80000001	80010001
6	80350001	80360001
6	81400001	81410001
6	87570001	87580001
6	88870001	88880001
6	88990001	89000001
6	90690001	90700001
6	90950001	90960001
6	92460001	92470001
6	94670001	94680001
6	94790001	94800001
6	94870001	94880001
6	95730001	95740001
6	96840001	96850001
6	96850001	96860001
6	96860001	96870001
6	96900001	96910001
6	97030001	97040001
6	97040001	97050001
6	98070001	98080001
6	98950001	98960001
6	100330001	100340001
6	100800001	100810001
6	101050001	101060001
6	101720001	101730001
6	102100001	102110001
6	102150001	102160001
6	103430001	103440001
6	103470001	103480001
6	103490001	103500001
6	103560001	103570001
6	103800001	103810001
6	105010001	105020001
6	105020001	105030001
6	105030001	105040001
6	105430001	105440001
6	107330001	107340001
6	107480001	107490001
6	108480001	108490001
6	108490001	108500001
6	109030001	109040001
6	109780001	109790001
6	110470001	110480001
6	112310001	112320001
6	112990001	113000001
6	113040001	113050001
6	113640001	113650001
6	113780001	113790001
6	113840001	113850001
6	115170001	115180001
6	115180001	115190001
6	115800001	115810001
6	115810001	115820001
6	117260001	117270001
6	117410001	117420001
6	117500001	117510001
6	117870001	117880001
6	117880001	117890001
6	117960001	117970001
6	118080001	118090001
6	119250001	119260001
6	119260001	119270001
6	119270001	119280001
6	119690001	119700001
6	119830001	119840001
6	119860001	119870001
6	119870001	119880001
6	120040001	120050001
6	120260001	120270001
6	120460001	120470001
6	120740001	120750001
6	122770001	122780001
6	122790001	122800001
6	122980001	122990001
6	123020001	123030001
6	123940001	123950001
6	124480001	124490001
6	124540001	124550001
6	125150001	125160001
6	125510001	125520001
6	125530001	125540001
6	126070001	126080001
6	126120001	126130001
6	126900001	126910001
6	126990001	127000001
6	127430001	127440001
6	127810001	127820001
6	128480001	128490001
6	128680001	128690001
6	128950001	128960001
6	129000001	129010001
6	129130001	129140001
6	129600001	129610001
6	129870001	129880001
6	130330001	130340001
6	131130001	131140001
6	131150001	131160001
6	131210001	131220001
6	131240001	131250001
6	131270001	131280001
6	131320001	131330001
6	132060001	132070001
6	133220001	133230001
6	133860001	133870001
6	136150001	136160001
6	136300001	136310001
6	137340001	137350001
6	137880001	137890001
6	138010001	138020001
6	138040001	138050001
6	138070001	138080001
6	138240001	138250001
6	138830001	138840001
6	138890001	138900001
6	139870001	139880001
6	140480001	140490001
6	141930001	141940001
6	141980001	141990001
6	142100001	142110001
6	142270001	142280001
6	142280001	142290001
6	142610001	142620001
6	143330001	143340001
6	144390001	144400001
6	144730001	144740001
6	147530001	147540001
6	147870001	147880001
6	148060001	148070001
6	148720001	148730001
6	148960001	148970001
6	150940001	150950001
6	150960001	150970001
6	151230001	151240001
6	151410001	151420001
6	152340001	152350001
6	153240001	153250001
6	153390001	153400001
6	153490001	153500001
6	153950001	153960001
6	155080001	155090001
6	155200001	155210001
6	155640001	155650001
6	156030001	156040001
6	156180001	156190001
6	158080001	158090001
6	158850001	158860001
6	162170001	162180001
6	162290001	162300001
6	162440001	162450001
6	162690001	162700001
6	163120001	163130001
6	164480001	164490001
6	167630001	167640001
6	168120001	168130001
6	168210001	168220001
6	168640001	168650001
6	169030001	169040001
7	310001	320001
7	820001	830001
7	1280001	1290001
7	1780001	1790001
7	2170001	2180001
7	2370001	2380001
7	2900001	2910001
7	4160001	4170001
7	4870001	4880001
7	5190001	5200001
7	6740001	6750001
7	6870001	6880001
7	7280001	7290001
7	9590001	9600001
7	9600001	9610001
7	9710001	9720001
7	10370001	10380001
7	11240001	11250001
7	13120001	13130001
7	13500001	13510001
7	14890001	14900001
7	14900001	14910001
7	14920001	14930001
7	15340001	15350001
7	15610001	15620001
7	17280001	17290001
7	17290001	17300001
7	18290001	18300001
7	19590001	19600001
7	19600001	19610001
7	20670001	20680001
7	20750001	20760001
7	21510001	21520001
7	21560001	21570001
7	22160001	22170001
7	22170001	22180001
7	22270001	22280001
7	22730000	23050000
7	23050001	23060001
7	23090001	23100001
7	23480001	23490001
7	26030001	26040001
7	26090001	26100001
7	26100001	26110001
7	26130001	26140001
7	26160001	26170001
7	26970001	26980001
7	27990001	28000001
7	28270001	28280001
7	28290001	28300001
7	28300001	28310001
7	28340001	28350001
7	30000001	30010001
7	32110001	32120001
7	33180001	33190001
7	33390001	33400001
7	34480001	34490001
7	37700001	37710001
7	37770001	37780001
7	37820001	37830001
7	37840001	37850001
7	37850001	37860001
7	37900001	37910001
7	37930001	37940001
7	37970001	37980001
7	37980001	37990001
7	38220001	38230001
7	38560001	38570001
7	38660001	38670001
7	38670001	38680001
7	40430001	40440001
7	40510001	40520001
7	41060001	41070001
7	42460001	42470001
7	42580001	42590001
7	42660001	42670001
7	42740001	42750001
7	42750001	42760001
7	43010001	43020001
7	43140001	43150001
7	43330001	43340001
7	43590001	43600001
7	43720001	43730001
7	44170001	44180001
7	44180001	44190001
7	44300001	44310001
7	44460001	44470001
7	44740001	44750001
7	44780001	44790001
7	45090001	45100001
7	45130001	45140001
7	45160001	45170001
7	45420001	45430001
7	46230001	46240001
7	47970001	47980001
7	48660001	48670001
7	48770001	48780001
7	49630001	49640001
7	49940001	49950001
7	49960001	49970001
7	50480001	50490001
7	50910001	50920001
7	51200001	51210001
7	51210001	51220001
7	51980001	51990001
7	52290001	52300001
7	52510001	52520001
7	52690001	52700001
7	55070001	55080001
7	56750001	56760001
7	57570001	57580001
7	58480001	58490001
7	60090001	60100001
7	61760001	61770001
7	62230001	62240001
7	62460001	62470001
7	62980001	62990001
7	64160001	64170001
7	64280001	64290001
7	64480001	64490001
7	67030001	67040001
7	67130001	67140001
7	71070001	71080001
7	72280001	72290001
7	72840001	72850001
7	74040001	74050001
7	75150001	75160001
7	75590001	75600001
7	77260001	77270001
7	81050001	81060001
7	83760001	83770001
7	84370001	84380001
7	84440001	84450001
7	84660001	84670001
7	85030001	85040001
7	85270001	85280001
7	85610001	85620001
7	85620001	85630001
7	85910001	85920001
7	85960001	85970001
7	85970001	85980001
7	86710001	86720001
7	87140001	87150001
7	88480001	88490001
7	89990001	90000001
7	91230001	91240001
7	92910001	92920001
7	93160001	93170001
7	94220001	94230001
7	94880001	94890001
7	94980001	94990001
7	95670001	95680001
7	96060001	96070001
7	99250001	99260001
7	99310001	99320001
7	101500001	101510001
7	101510001	101520001
7	101680001	101690001
7	102270001	102280001
7	102660001	102670001
7	102670001	102680001
7	102780001	102790001
7	102960001	102970001
7	103920001	103930001
7	104970001	104980001
7	105000001	105010001
7	105080001	105090001
7	105400001	105410001
7	105480001	105490001
7	105510001	105520001
7	105520001	105530001
7	105530001	105540001
7	105560001	105570001
7	105630001	105640001
7	105640001	105650001
7	105720001	105730001
7	106880001	106890001
7	107060001	107070001
7	107990001	108000001
7	109330001	109340001
7	109760001	109770001
7	109980001	109990001
7	110070001	110080001
7	111010001	111020001
7	111050001	111060001
7	111950001	111960001
7	112040001	112050001
7	112280001	112290001
7	113320001	113330001
7	113400001	113410001
7	115130001	115140001
7	115610001	115620001
7	115990001	116000001
7	116000001	116010001
7	116010001	116020001
7	116240001	116250001
7	116540001	116550001
7	116550001	116560001
7	116560001	116570001
7	116570001	116580001
7	116580001	116590001
7	116590001	116600001
7	117060001	117070001
7	117220001	117230001
7	117740001	117750001
7	119320001	119330001
7	121020001	121030001
7	122010001	122020001
7	122360001	122370001
7	122380001	122390001
7	123000001	123010001
7	123590001	123600001
7	125440001	125450001
7	125450001	125460001
7	127180001	127190001
7	127220001	127230001
7	128330001	128340001
7	129270001	129280001
7	129400001	129410001
7	129890001	129900001
7	132260001	132270001
7	133340001	133350001
7	135540001	135550001
7	135600001	135610001
7	136290001	136300001
7	136320001	136330001
7	137120001	137130001
7	137300001	137310001
7	137350001	137360001
7	137620001	137630001
7	138030001	138040001
7	139630001	139640001
7	140430001	140440001
7	141030001	141040001
7	141420001	141430001
7	142440001	142450001
7	144240001	144250001
7	144270001	144280001
7	144280001	144290001
7	145410001	145420001
7	145970001	145980001
7	145980001	145990001
7	147140001	147150001
7	147150001	147160001
7	148420001	148430001
7	151370001	151380001
7	151420001	151430001
7	151550001	151560001
7	152030001	152040001
7	153130001	153140001
7	154550001	154560001
7	154560001	154570001
7	156210001	156220001
7	156520001	156530001
7	156600001	156610001
7	156610001	156620001
7	157680001	157690001
7	159010001	159020001
7	159490001	159500001
7	161250001	161260001
7	161840001	161850001
7	161970001	161980001
7	164020001	164030001
7	165190001	165200001
7	165940001	165950001
7	165970001	165980001
7	167080001	167090001
7	167390001	167400001
7	168900001	168910001
7	170360001	170370001
7	173410001	173420001
7	173440001	173450001
7	173840001	173850001
7	174290001	174300001
7	174540001	174550001
7	174900001	174910001
7	175010001	175020001
7	175710001	175720001
7	175790001	175800001
7	176270001	176280001
8	1980001	1990001
8	2510001	2520001
8	2910001	2920001
8	3090001	3100001
8	4280001	4290001
8	4810001	4820001
8	4860001	4870001
8	5500001	5510001
8	5640001	5650001
8	6010001	6020001
8	6150001	6160001
8	7990001	8000001
8	8580001	8590001
8	9530001	9540001
8	9950001	9960001
8	9960001	9970001
8	10100001	10110001
8	11400001	11410001
8	16840001	16850001
8	18260001	18270001
8	19680001	19690001
8	19700001	19710001
8	21550001	21560001
8	21870001	21880001
8	22520001	22530001
8	25300001	25310001
8	26680001	26690001
8	26770001	26780001
8	27470001	27480001
8	29210001	29220001
8	29870001	29880001
8	31210001	31220001
8	33200001	33210001
8	33250001	33260001
8	34130001	34140001
8	34190001	34200001
8	34210001	34220001
8	34280001	34290001
8	34440001	34450001
8	36010001	36020001
8	36890001	36900001
8	37690001	37700001
8	38890001	38900001
8	39680001	39690001
8	40980001	40990001
8	41650001	41660001
8	42400001	42410001
8	45280001	45290001
8	45650001	45660001
8	45990001	46000001
8	49180000	49660000
8	49790000	49910000
8	49970000	50230000
8	50440000	50980000
8	50460001	50470001
8	50580001	50590001
8	50850001	50860001
8	50950001	50960001
8	51700001	51710001
8	51800001	51810001
8	51810001	51820001
8	52200001	52210001
8	52800001	52810001
8	54710001	54720001
8	56480001	56490001
8	57420001	57430001
8	58990001	59000001
8	59540001	59550001
8	59740001	59750001
8	60390001	60400001
8	60520001	60530001
8	61030001	61040001
8	63070001	63080001
8	63680001	63690001
8	63910001	63920001
8	63920001	63930001
8	63930001	63940001
8	67370001	67380001
8	67820001	67830001
8	67840001	67850001
8	68590001	68600001
8	68630001	68640001
8	68640001	68650001
8	68690001	68700001
8	68920001	68930001
8	68930001	68940001
8	68960001	68970001
8	69090001	69100001
8	69900001	69910001
8	69960001	69970001
8	70260001	70270001
8	70460001	70470001
8	70470001	70480001
8	70480001	70490001
8	71240001	71250001
8	72410001	72420001
8	73700001	73710001
8	73740001	73750001
8	74420001	74430001
8	74780001	74790001
8	76030001	76040001
8	76160001	76170001
8	76550001	76560001
8	76610001	76620001
8	76690001	76700001
8	77100001	77110001
8	79740001	79750001
8	80400001	80410001
8	81160001	81170001
8	82150001	82160001
8	84530001	84540001
8	85760001	85770001
8	86420001	86430001
8	86460001	86470001
8	86480001	86490001
8	86500001	86510001
8	87550001	87560001
8	87900001	87910001
8	88290001	88300001
8	88310001	88320001
8	88550001	88560001
8	90440001	90450001
8	90590001	90600001
8	91040001	91050001
8	91110001	91120001
8	91350001	91360001
8	94100001	94110001
8	94120001	94130001
8	95090001	95100001
8	97550001	97560001
8	99250001	99260001
8	99380001	99390001
8	100120001	100130001
8	100220001	100230001
8	101360001	101370001
8	101770001	101780001
8	102840001	102850001
8	103840001	103850001
8	104180001	104190001
8	104210001	104220001
8	104220001	104230001
8	104290001	104300001
8	104300001	104310001
8	104370001	104380001
8	104610001	104620001
8	106460001	106470001
8	106470001	106480001
8	106740001	106750001
8	107410001	107420001
8	107560001	107570001
8	107580001	107590001
8	107710001	107720001
8	107780001	107790001
8	107840001	107850001
8	108010001	108020001
8	108280001	108290001
8	108430001	108440001
8	108500001	108510001
8	108800001	108810001
8	109210001	109220001
8	109770001	109780001
8	111530001	111540001
8	112150001	112160001
8	112450001	112460001
8	113090001	113100001
8	113100001	113110001
8	115160001	115170001
8	116510001	116520001
8	116890001	116900001
8	117520001	117530001
8	117530001	117540001
8	118250001	118260001
8	124720001	124730001
8	127230001	127240001
8	127300001	127310001
8	127380001	127390001
8	127630001	127640001
8	127780001	127790001
8	128380001	128390001
8	128770001	128780001
8	129220001	129230001
8	130250001	130260001
8	130390001	130400001
8	130460001	130470001
8	130570001	130580001
8	130870001	130880001
8	130880001	130890001
8	132090001	132100001
8	133470001	133480001
8	134270001	134280001
8	135660001	135670001
8	135700001	135710001
8	135760001	135770001
8	135810001	135820001
8	135820001	135830001
8	135830001	135840001
8	135880001	135890001
8	135890001	135900001
8	135900001	135910001
8	136070001	136080001
8	136960001	136970001
8	136990001	137000001
8	137000001	137010001
8	137010001	137020001
8	138150001	138160001
8	139640001	139650001
8	141350001	141360001
8	141360001	141370001
8	143900001	143910001
8	143910001	143920001
8	145000001	145010001
8	145010001	145020001
8	145030001	145040001
8	145230001	145240001
8	145280001	145290001
8	146280001	146290001
8	147060001	147070001
8	147680001	147690001
8	147740001	147750001
8	147820001	147830001
8	148180001	148190001
8	148310001	148320001
8	148320001	148330001
8	148430001	148440001
8	149140001	149150001
8	149520001	149530001
8	149990001	150000001
8	150400001	150410001
8	151010001	151020001
8	151680001	151690001
8	151780001	151790001
8	151830001	151840001
8	152320001	152330001
8	154240001	154250001
8	154270001	154280001
8	154290001	154300001
8	155350001	155360001
8	155380001	155390001
8	155580001	155590001
8	156840001	156850001
8	157520001	157530001
8	157630001	157640001
8	158200001	158210001
8	158440001	158450001
8	158920001	158930001
8	160460001	160470001
8	160620001	160630001
8	161160001	161170001
8	161370001	161380001
8	162050001	162060001
8	162060001	162070001
8	162660001	162670001
8	163130001	163140001
8	163980001	163990001
8	165180001	165190001
8	165940001	165950001
8	165960001	165970001
8	166020001	166030001
8	167160001	167170001
8	169180001	169190001
8	169220001	169230001
8	169500001	169510001
8	170380001	170390001
8	170400001	170410001
8	170510001	170520001
8	170620001	170630001
8	170630001	170640001
8	170700001	170710001
8	170870001	170880001
8	171290001	171300001
8	172440001	172450001
8	172450001	172460001
8	172530001	172540001
8	173190001	173200001
8	173390001	173400001
8	173970001	173980001
8	174320001	174330001
8	174440001	174450001
8	174460001	174470001
9	400001	410001
9	440001	450001
9	450001	460001
9	460001	470001
9	1100001	1110001
9	2130001	2140001
9	2520001	2530001
9	3350001	3360001
9	3480001	3490001
9	3540001	3550001
9	4690001	4700001
9	5320001	5330001
9	5970001	5980001
9	7300001	7310001
9	7930001	7940001
9	8690001	8700001
9	8700001	8710001
9	9500001	9510001
9	9540001	9550001
9	9550001	9560001
9	9570001	9580001
9	10040001	10050001
9	10120001	10130001
9	10130001	10140001
9	11220001	11230001
9	11330001	11340001
9	11550001	11560001
9	11850001	11860001
9	12680001	12690001
9	13770001	13780001
9	14850001	14860001
9	15910001	15920001
9	16570001	16580001
9	16660001	16670001
9	16900001	16910001
9	17320001	17330001
9	18690001	18700001
9	19930001	19940001
9	20460001	20470001
9	20980001	20990001
9	24870001	24880001
9	25930001	25940001
9	27230001	27240001
9	31120001	31130001
9	32470001	32480001
9	33170001	33180001
9	33190001	33200001
9	33200001	33210001
9	33210001	33220001
9	33510001	33520001
9	33760001	33770001
9	35170001	35180001
9	36040001	36050001
9	36130001	36140001
9	36760001	36770001
9	38110001	38120001
9	38200001	38210001
9	38510001	38520001
9	40380001	40390001
9	42020001	42030001
9	42680001	42690001
9	43130001	43140001
9	43870001	43880001
9	44130001	44140001
9	44140001	44150001
9	44150001	44160001
9	44180001	44190001
9	44230001	44240001
9	44240001	44250001
9	44280001	44290001
9	44290001	44300001
9	44420001	44430001
9	45150001	45160001
9	46950001	46960001
9	47150001	47160001
9	47160001	47170001
9	48520001	48530001
9	48900001	48910001
9	49350001	49360001
9	49360001	49370001
9	50400001	50410001
9	52420000	53680000
9	53290001	53300001
9	53760000	53900000
9	53820001	53830001
9	54060000	54210000
9	56270001	56280001
9	56280001	56290001
9	57970001	57980001
9	58200001	58210001
9	59660001	59670001
9	60590001	60600001
9	60600001	60610001
9	60930001	60940001
9	61470001	61480001
9	61770001	61780001
9	61980001	61990001
9	62090001	62100001
9	62140001	62150001
9	62150001	62160001
9	62530001	62540001
9	62870001	62880001
9	63480001	63490001
9	65610001	65620001
9	65620001	65630001
9	65710001	65720001
9	65910001	65920001
9	65930001	65940001
9	65970001	65980001
9	66000001	66010001
9	66320001	66330001
9	66510001	66520001
9	66960001	66970001
9	67910001	67920001
9	67920001	67930001
9	67930001	67940001
9	68420001	68430001
9	69510001	69520001
9	69720001	69730001
9	71990001	72000001
9	72960001	72970001
9	74980001	74990001
9	74990001	75000001
9	75020001	75030001
9	75070001	75080001
9	75170001	75180001
9	76670001	76680001
9	77210001	77220001
9	79550001	79560001
9	79890001	79900001
9	79920001	79930001
9	80080001	80090001
9	80200001	80210001
9	80260001	80270001
9	80410001	80420001
9	80420001	80430001
9	80590001	80600001
9	80610001	80620001
9	80730001	80740001
9	81100001	81110001
9	81110001	81120001
9	81170001	81180001
9	81180001	81190001
9	81330001	81340001
9	81580001	81590001
9	81590001	81600001
9	82960001	82970001
9	83470001	83480001
9	85230001	85240001
9	85300001	85310001
9	85310001	85320001
9	85380001	85390001
9	85560001	85570001
9	85620001	85630001
9	85670001	85680001
9	85850001	85860001
9	85900001	85910001
9	85910001	85920001
9	87330001	87340001
9	87340001	87350001
9	87390001	87400001
9	88470001	88480001
9	88480001	88490001
9	88820001	88830001
9	88990001	89000001
9	89000001	89010001
9	89110001	89120001
9	89380001	89390001
9	89390001	89400001
9	89530001	89540001
9	89860001	89870001
9	90970001	90980001
9	91040001	91050001
9	92430001	92440001
9	93920001	93930001
9	94620001	94630001
9	94820001	94830001
9	95010001	95020001
9	95030001	95040001
9	95040001	95050001
9	95180001	95190001
9	95430001	95440001
9	95440001	95450001
9	95500001	95510001
9	95510001	95520001
9	95590001	95600001
9	95790001	95800001
9	95800001	95810001
9	95890001	95900001
9	95900001	95910001
9	96080001	96090001
9	96200001	96210001
9	96300001	96310001
9	96460001	96470001
9	96480001	96490001
9	96500001	96510001
9	96540001	96550001
9	97240001	97250001
9	97450001	97460001
9	99890001	99900001
9	100090001	100100001
9	101100001	101110001
9	101820001	101830001
9	101830001	101840001
9	101840001	101850001
9	101900001	101910001
9	104890001	104900001
9	107400001	107410001
9	107600001	107610001
9	107800001	107810001
9	108000000	112000000
9	108310001	108320001
9	108400001	108410001
9	109540001	109550001
9	109910001	109920001
9	110600001	110610001
9	110630001	110640001
9	111080001	111090001
9	111090001	111100001
9	112260001	112270001
9	112330001	112340001
9	112450001	112460001
9	112510001	112520001
9	113030001	113040001
9	114540001	114550001
9	116070001	116080001
9	116110001	116120001
9	116120001	116130001
9	116740001	116750001
9	116960001	116970001
9	117520001	117530001
9	117530001	117540001
9	117760001	117770001
9	117880001	117890001
9	118380001	118390001
9	118420001	118430001
9	118430001	118440001
9	119010001	119020001
9	119190001	119200001
9	120500001	120510001
9	120760001	120770001
9	120920001	120930001
9	121070001	121080001
9	122570001	122580001
9	122680001	122690001
9	123230001	123240001
9	124230001	124240001
9	125310001	125320001
9	127270001	127280001
9	127420001	127430001
9	127460001	127470001
9	127470001	127480001
9	127640001	127650001
9	128070001	128080001
9	128360001	128370001
9	128810001	128820001
9	129170001	129180001
9	129990001	130000001
9	130220001	130230001
9	130650001	130660001
9	131060001	131070001
9	131430001	131440001
9	132120001	132130001
9	132130001	132140001
9	132180001	132190001
9	133340001	133350001
9	133350001	133360001
9	133470001	133480001
9	133640001	133650001
9	134090001	134100001
9	135020001	135030001
9	135170001	135180001
9	135240001	135250001
9	135800001	135810001
9	135940001	135950001
9	136100001	136110001
9	136320001	136330001
9	136560001	136570001
9	136650001	136660001
9	136720001	136730001
9	136730001	136740001
9	137840001	137850001
9	140240001	140250001
9	140270001	140280001
9	140310001	140320001
9	140320001	140330001
9	140370001	140380001
9	140380001	140390001
9	141270001	141280001
9	141800001	141810001
9	144290001	144300001
9	145410001	145420001
9	145530001	145540001
9	145540001	145550001
9	145780001	145790001
9	145940001	145950001
9	145950001	145960001
9	146010001	146020001
9	146020001	146030001
9	146310001	146320001
9	147650001	147660001
9	147660001	147670001
9	147940001	147950001
9	148450001	148460001
9	149940001	149950001
9	150260001	150270001
9	150500001	150510001
9	151720001	151730001
9	151890001	151900001
9	152030001	152040001
9	152790001	152800001
9	152800001	152810001
9	153720001	153730001
9	153860001	153870001
9	154080001	154090001
9	154570001	154580001
9	154630001	154640001
9	155020001	155030001
9	155520001	155530001
9	155590001	155600001
9	156670001	156680001
9	156700001	156710001
10	0	490000
10	1130001	1140001
10	1140001	1150001
10	1150001	1160001
10	1530001	1540001
10	2480001	2490001
10	3010001	3020001
10	4010001	4020001
10	4070001	4080001
10	7570001	7580001
10	7580001	7590001
10	8700001	8710001
10	8710001	8720001
10	9370001	9380001
10	9850001	9860001
10	9970001	9980001
10	10400001	10410001
10	11140001	11150001
10	11440001	11450001
10	12750001	12760001
10	13020001	13030001
10	14200001	14210001
10	15200001	15210001
10	15210001	15220001
10	15220001	15230001
10	15230001	15240001
10	15340001	15350001
10	17670001	17680001
10	18330001	18340001
10	18340001	18350001
10	18800001	18810001
10	18910001	18920001
10	18980001	18990001
10	19010001	19020001
10	20540001	20550001
10	21500001	21510001
10	21590001	21600001
10	21600001	21610001
10	21950001	21960001
10	21970001	21980001
10	22130001	22140001
10	22150001	22160001
10	24850001	24860001
10	25980001	25990001
10	26090001	26100001
10	27700001	27710001
10	28020001	28030001
10	28760001	28770001
10	30320001	30330001
10	31980001	31990001
10	32670001	32680001
10	33050001	33060001
10	34830001	34840001
10	36530001	36540001
10	36930001	36940001
10	37080001	37090001
10	37230001	37240001
10	37540001	37550001
10	38530001	38540001
10	38540001	38550001
10	38600001	38610001
10	38610001	38620001
10	39190001	39200001
10	39310001	39320001
10	39600001	39610001
10	39630001	39640001
10	40110001	40120001
10	40120001	40130001
10	40150001	40160001
10	46900001	46910001
10	46980001	46990001
10	49310001	49320001
10	49550001	49560001
10	50170000	51730000
10	51120001	51130001
10	51420001	51430001
10	52770001	52780001
10	53440001	53450001
10	54690001	54700001
10	54710001	54720001
10	55160001	55170001
10	55430001	55440001
10	55450001	55460001
10	56150001	56160001
10	56160001	56170001
10	56690001	56700001
10	56800001	56810001
10	56810001	56820001
10	56840001	56850001
10	56850001	56860001
10	56860001	56870001
10	56940001	56950001
10	57100001	57110001
10	57590001	57600001
10	58460001	58470001
10	58500001	58510001
10	58610001	58620001
10	58650001	58660001
10	58670001	58680001
10	58680001	58690001
10	58710001	58720001
10	59000001	59010001
10	59010001	59020001
10	59130001	59140001
10	59140001	59150001
10	59170001	59180001
10	59250001	59260001
10	59440001	59450001
10	59460001	59470001
10	59820001	59830001
10	60570001	60580001
10	60950001	60960001
10	60960001	60970001
10	60980001	60990001
10	61320001	61330001
10	61630001	61640001
10	61740001	61750001
10	61800001	61810001
10	61810001	61820001
10	61960001	61970001
10	62000001	62010001
10	62050001	62060001
10	62100001	62110001
10	62120001	62130001
10	62400001	62410001
10	62410001	62420001
10	63450001	63460001
10	63620001	63630001
10	64550001	64560001
10	65400001	65410001
10	65630001	65640001
10	65680001	65690001
10	65700001	65710001
10	65720001	65730001
10	65730001	65740001
10	65750001	65760001
10	66020001	66030001
10	66890001	66900001
10	66970001	66980001
10	66990001	67000001
10	67270001	67280001
10	67920001	67930001
10	69020001	69030001
10	69610001	69620001
10	70500001	70510001
10	70800001	70810001
10	71520001	71530001
10	71670001	71680001
10	72170001	72180001
10	72820001	72830001
10	73290001	73300001
10	73300001	73310001
10	73330001	73340001
10	73340001	73350001
10	73520001	73530001
10	74530001	74540001
10	75070001	75080001
10	75160001	75170001
10	75650001	75660001
10	75660001	75670001
10	76280001	76290001
10	76660001	76670001
10	76750001	76760001
10	77310001	77320001
10	77700001	77710001
10	77750001	77760001
10	77980001	77990001
10	79080001	79090001
10	79930001	79940001
10	81450001	81460001
10	81690001	81700001
10	81730001	81740001
10	81830001	81840001
10	82650001	82660001
10	84130001	84140001
10	84270001	84280001
10	84710001	84720001
10	84820001	84830001
10	85410001	85420001
10	85850001	85860001
10	86440001	86450001
10	86460001	86470001
10	86680001	86690001
10	87170001	87180001
10	87550001	87560001
10	87580001	87590001
10	87800001	87810001
10	91770001	91780001
10	92020001	92030001
10	92630001	92640001
10	94380001	94390001
10	94520001	94530001
10	94600001	94610001
10	94620001	94630001
10	94710001	94720001
10	95210001	95220001
10	96340001	96350001
10	96350001	96360001
10	96380001	96390001
10	96390001	96400001
10	96420001	96430001
10	96470001	96480001
10	96480001	96490001
10	96510001	96520001
10	96550001	96560001
10	96910001	96920001
10	97230001	97240001
10	97760001	97770001
10	98880001	98890001
10	99230001	99240001
10	99600001	99610001
10	99610001	99620001
10	100130001	100140001
10	100220001	100230001
10	101060001	101070001
10	101720001	101730001
10	102480001	102490001
10	103210001	103220001
10	103230001	103240001
10	103240001	103250001
10	103430001	103440001
10	103440001	103450001
10	103550001	103560001
10	103600001	103610001
10	103610001	103620001
10	106480001	106490001
10	106970001	106980001
10	106990001	107000001
10	107000001	107010001
10	107020001	107030001
10	107030001	107040001
10	107120001	107130001
10	108130001	108140001
10	108590001	108600001
10	111390001	111400001
10	111680001	111690001
10	111690001	111700001
10	112950001	112960001
10	113320001	113330001
10	113330001	113340001
10	113590001	113600001
10	113870001	113880001
10	114220001	114230001
10	115170001	115180001
10	117340001	117350001
10	117800001	117810001
10	118030001	118040001
10	119080001	119090001
10	119180001	119190001
10	119720001	119730001
10	121390001	121400001
10	121420001	121430001
10	123120001	123130001
10	123130001	123140001
10	123310001	123320001
10	124710001	124720001
10	125100001	125110001
10	127270001	127280001
10	128050001	128060001
10	129010001	129020001
10	129260001	129270001
10	129360001	129370001
10	130700001	130710001
10	131060001	131070001
10	131510001	131520001
10	132820001	132830001
10	134100001	134110001
10	135500001	135510001
10	136440001	136450001
10	138120001	138130001
10	138850001	138860001
10	140220001	140230001
10	141770001	141780001
10	142140001	142150001
10	142830001	142840001
10	142940001	142950001
10	142950001	142960001
10	142960001	142970001
10	142970001	142980001
10	143730001	143740001
10	143830001	143840001
10	144530001	144540001
10	145380001	145390001
10	145490001	145500001
10	145690001	145700001
10	145760001	145770001
10	146400001	146410001
10	146750001	146760001
10	147160001	147170001
10	148450001	148460001
10	149550001	149560001
